[Project1] 4920 1588164807.012109467 1588164807.012937604
[Project1] 4921 1588164807.013960602 1588164807.014694989
[Project1] 4922 1588164807.015738087 1588164807.016474638
[Project1] 4923 1588164807.017940873 1588164807.018649558
[Project1] 4924 1588164807.020051545 1588164807.020810432
[Project1] 4925 1588164807.022331405 1588164807.023126658
[Project1] 4926 1588164807.024322785 1588164807.025030847
[Project1] 4927 1588164807.026211996 1588164807.026915527
[Project1] 4928 1588164807.028026685 1588164807.028785275
[Project1] 4929 1588164807.030047774 1588164807.030775921
