[Project1] 7219 1588123313.341664902 1588123314 091746394
[Project1] 7220 1588123314.806529619 1588123315 525020041
[Project1] 7221 1588123316.237568644 1588123316 943733341
[Project1] 7222 1588123317.636961101 1588123318 345022245
[Project1] 7223 1588123319.064056102 1588123319 768286043
[Project1] 7224 1588123320.499791951 1588123321 198933110
[Project1] 7225 1588123321.936965703 1588123322 661248058
[Project1] 7226 1588123323.371262592 1588123324 082613242
[Project1] 7227 1588123324.781047311 1588123325 538522976
[Project1] 7228 1588123326.225695354 1588123326 994379543
