[Project1] 7496 1588165817.884142040 1588165817.884932931
[Project1] 7497 1588165817.886038113 1588165817.886833449
[Project1] 7498 1588165817.887971666 1588165817.888779272
[Project1] 7499 1588165817.889960041 1588165817.890758846
[Project1] 7500 1588165817.891911648 1588165817.892758584
[Project1] 7501 1588165817.894300940 1588165817.895104016
[Project1] 7502 1588165817.897390723 1588165817.898155641
[Project1] 7503 1588165817.899517300 1588165817.900268906
[Project1] 7504 1588165817.901345253 1588165817.902121980
[Project1] 7505 1588165817.903430953 1588165817.904205541
